#ChipScope Pro Analyzer Project File, Version 3.0
#Sat Apr 14 16:52:58 CST 2018
mdiAreaHeight=0.7
mdiAreaHeightLast=0.7
mdiCount=0
navigatorHeight=0.17906976744186046
navigatorHeightLast=0.17906976744186046
navigatorWidth=0.1794871794871795
navigatorWidthLast=0.1794871794871795
signalDisplayPath=0
unit.-1.-1.username=
